image_width: 960
image_height: 720
camera_name: narrow_stereo
camera_matrix:
  rows: 3
  cols: 3
  data: [921.193126, 0.000000, 488.588933, 0.000000, 921.333265, 357.319517, 0.000000, 0.000000, 1.000000]
distortion_model: plumb_bob
distortion_coefficients:
  rows: 1
  cols: 5
  data: [0.037047, -0.157903, 0.001511, 0.002180, 0.000000]
rectification_matrix:
  rows: 3
  cols: 3
  data: [1.000000, 0.000000, 0.000000, 0.000000, 1.000000, 0.000000, 0.000000, 0.000000, 1.000000]
projection_matrix:
  rows: 3
  cols: 4
  data: [919.536680, 0.000000, 490.519180, 0.000000, 0.000000, 923.486359, 357.965168, 0.000000, 0.000000, 0.000000, 1.000000, 0.000000]
